%% 0-indexed channel maps for the middle line of channels on each shank
% midVert1 is on Shank1
% midVert2 is on Shank2
midVert1 = [96;
    32;
    97;
    33;
    98;
    34;
    99;
    35;
    100;
    36;
    101;
    37;
    102;
    38;
    103;
    39;
    104;
    40;
    105;
    41;
    106;
    42;
    107;
    43;
    108;
    44;
    109;
    45;
    110;
    46;
    111;
    47;
    48;
    18;
    82;
    21;
    85;
    24;
    88;
    27;
    91;
    30;
    93;
    94;]; % 
midVert2 = [159;
    223;
    158;
    222;
    157;
    221;
    156;
    220;
    155;
    219;
    154;
    218;
    153;
    217;
    152;
    216;
    151;
    215;
    150;
    214;
    149;
    213;
    148;
    212;
    147;
    211;
    146;
    210;
    145;
    209;
    144;
    208;
    207;
    237;
    173;
    234;
    170;
    231;
    167;
    228;
    164;
    225;
    162;
    161];